0.7049628113837497
0.886859488236611
0.7861009669277229
0.6886441345137149
0.15724058378179484
0.43674716150239723
0.8333112812661343
0.6854466202177875
0.3844222357512803
0.4078193116246088
0.8391193098864964
0.7402311741255129
0.3214416432257312
0.7164189531715828
0.9538324301824356
0.05197592370986115
0.5845202190133129
0.09235949338688976
0.14580433657721614
0.8918505439256789
0.2661449280092434
0.7385909079258061
0.5691569652136322
0.8757848865600961
0.956132619545497
0.45027540365460406
0.496534404768583
0.9552905975273864
0.5344201132790903
0.0806444995600486
0.24680498908744053
0.5249099027881602
0.7844305513939583
0.37084045304479507
0.4259582880414451
0.41092603383220117
0.10076665308054022
0.3143655743372916
0.6455069851068324
0.3010290484093261
0.15793452186369294
0.6709257026547072
0.6607023703268943
0.07251054958106007
0.5270375837192685
0.24251041376698845
0.8371971364609648
0.59774713306707
0.6457713517529639
0.91736555906331
0.4199053443313404
0.5202249316089785
0.3513425266845094
0.7916138481580814
0.19625082765835267
0.5623877664287948
0.4548253225801736
0.5018134842578205
0.04845842710287729
0.8356087403797338
0.40301392966826877
0.47692731024921486
0.20826240168160415
0.3576179624372814
0.9353768800685444
0.7439894595940342
0.35593743082278495
0.6535434664148527
0.2084463994803739
0.5273340106521673
0.7876297475564408
0.457455101243742
0.019911088746276007
0.41580555737808433
0.34828396400358363
0.6559634930002168
0.3321774472369522
0.32832092124659207
0.022983414202965013
0.6898618372205958
0.4809127129204286
0.24791099348421441
0.4225293876819025
0.8345112524458481
0.3571656581001583
0.6065427509360706
0.5448500412712005
0.5208535934461946
0.6060351566220205
0.48042094894793463
0.3848006988059338
0.8635175124010102
0.0014894537185622392
0.6955189985042441
0.4912877902467625
0.18887770992115194
0.40789337390242475
0.07190046583900167
0.8186833604291736
0.8498850459120914
0.026412261427275152
0.8931869826842941
0.0061031743257972115
0.18011764518071316
0.5564379141957044
0.8707309132642455
0.10117109574072325
0.15667271643591607
0.9926868589126959
0.43247439409697286
0.8332358183601685
0.49091383098378794
0.030106941008969934
0.8906507283215672
0.8712041736011378
0.5349250581738336
0.14162784401957773
0.9356698889981053
0.9028676971162515
0.33106164839375585
0.3742127694487587
0.3541601012710416
0.8376367575299821
0.19955324804382624
0.7487067943446913
0.9392967406918629
0.36557251050772144
0.7201818765958328
0.6843983879184499
0.6513355668668315
0.7050185343108029
0.9530162177230606
0.5048424997489519
0.5182792148999444
0.40364277999092213
0.17189205960502651
0.6245870449884269
0.30542269509098463
0.6878327744031381
0.5918886561166602
0.4469332467095467
0.9100305542701448
0.5646484725342337
0.9650937343912273
0.528174780064476
0.5136772220035307
0.11974582890593799
0.49633100101588434
0.7853388670561227
0.614284864292039
0.014767283562530764
0.9323770222848267
0.37923854910090227
0.09119501162338761
0.6681109735273734
0.6762186536432183
0.06038776123031875
0.15723436061008178
0.2632576851251095
0.9483617963546248
0.4641956521710243
0.28417487848757783
0.8999626357912355
0.3231857505971394
0.4466035687498924
0.7117976643114344
0.06207262944100711
0.09965244460434286
0.3148408532135971
0.7987467404609335
0.1917515977252795
0.6876283996342566
0.5621363576061945
0.6155790552369407
0.2579192429160999
0.47199028755682015
0.9036970581926724
0.5555385564652147
0.9181280678771451
0.7113476184617603
0.9451343262605051
0.5838003551710652
0.7552003143037673
0.7275830311913908
0.465907876225506
0.9063136798974368
0.642473817462619
0.3405210723334159
0.7659880845249069
0.2193513718159763
0.0857490430553286
0.274751434722724
0.41930625369833807
0.3227654174840414
0.6244814735251248
0.9206650738060244
0.7147920412316928
0.4101051331456338
0.39823795208069035
0.2719299494942865
0.584801451449692
0.7376718845657376
0.017319309281872752
0.7736370063319622
0.3418822993175863
0.6177297277201756
0.7442762966958575
0.5294224991181414
0.37557011304312493
0.6491478318118459
0.18903717147809374
0.5959889148851123
0.9018381871879659
0.3967944952998754
0.16943857994190747
0.3188782136478825
0.3090958222802921
0.9794310887688782
0.4373932280745507
0.4255110370568803
0.46839805926397915
0.5811066990772117
0.31024718552095154
0.5410014695962474
0.0576119877414657
0.9498302169821733
0.4480645024316309
0.2628673706222785
0.6432366891091829
0.08630312151325736
0.7297225533357602
0.2576396393214436
0.40513357020542573
0.4779419260973843
0.4553469873088122
0.0922558365346372
0.2817789520599534
0.18616231858578536
0.6180759117478541
0.37263407642180724
0.8192719624111591
0.6266723512602809
0.7830071672567147
0.5717254248972966
0.9320941236242046
0.3725573469674205
0.7720530528924165
0.18659410656192743
0.5067204228567013
0.11906179531128036
0.09444105833806893
0.9022946442793124
0.14360325028308896
0.09469489107294748
0.984648570722395
0.22598108963553554
0.6708918929165472
0.1941948867492117
0.7943321914173612
0.559765560313834
0.12956536753958336
0.42236262652308665
0.2998400346121416
0.6019297381319494
0.8292921944186655
0.31552458080659307
0.23149945087966783
0.5065740345524492
0.8137298239467391
0.89250774482085
0.148626230093713
0.9549558666623915
0.12932153166441884
0.4606625105694333
0.43743528194657555
0.043882796456677475
0.11060966979920117
0.15453635024432244
0.8150172007460615
0.9249874852205714
0.30718207505575523
0.7447196834754424
0.36570540187380973
0.4238372907143566
0.7775935116232618
0.3437879117591286
0.3757125243408612
0.6936267695056189
0.010006580301163193
0.007566645052467735
0.23016422147454507
0.5448124868530151
0.8543564836909852
0.16294196485797885
0.5428742126859286
0.8567348806822328
0.6097754125197183
0.8410854116209963
0.17483271304825887
0.21937626641714758
0.20253077952638443
0.9611154555953917
0.0072055627321078175
0.8765212346915372
0.06239126984074128
0.6939685274777083
0.6726636303014256
0.10025144050155288
0.7567419014869089
0.7195613580419479
0.3608341749386518
0.9056854381945015
0.14282611604696738
0.790648155894673
0.5677634128101365
0.6360205262433489
0.8608729168038727
0.8082263173790482
0.2475298676870783
0.08405568602617242
0.6124290831423475
0.9825375294530989
0.5641210885506789
0.6979326327766541
0.8863166001894104
0.2898938186468413
0.7996812138200398
0.49527059869492307
0.8935196758669112
0.09653566699490979
0.44308478179472677
0.23419523090143712
0.70342869981599
0.5559201706613072
0.5291636682111576
0.4331398692252012
0.5646683813546535
0.5946476499760391
0.6531514959552027
0.5237682402894474
0.6381641882257586
0.30402490192730514
0.7180645426994454
0.18242472990949687
0.5510154748896594
0.31674032865301915
0.1835215223956499
0.7364106119916815
0.09382207969420675
0.7348620269430113
0.5802521090950787
0.6904615166777852
0.406472003379203
0.6299329203573129
0.16005923122790566
0.8431817472844647
0.09196170223969358
0.6451402457969188
0.4477976723369368
0.568111230396303
0.316185616415814
0.48226423340192137
0.19343037085401205
0.7745462750292487
0.3153782171482693
0.6895906113571103
0.6658930548108367
0.7031311336543276
0.5048509979844857
0.2994679556189441
0.14085796090632863
0.1314938249840426
0.3532146731079333
0.6115077353236357
0.5026040559096112
0.7213484405900615
0.8524396135001957
0.9504678134618059
0.9322357446532679
0.19703935720696641
0.5701444472513099
0.34704054685638663
0.6418183947929906
0.13615869733183528
0.09464739814786449
0.7321253241472292
0.4290545241204048
0.21874694113549487
0.6952050798153554
0.40649690374389513
0.21146582816419657
0.04045219913742559
0.6915077553936848
0.4092583685996425
0.4194530824665068
0.9619195899380174
0.10175425441154473
0.8046399741647463
0.06250421495609637
0.6778122974620677
0.09341586492986642
0.927554108034518
0.4908271500543554
0.5167961005822452
0.5515886880454927
0.33250522959924733
0.4079300819676428
0.7523226274405788
0.9749749217572143
0.8082740619766012
0.8341851523058204
0.5985202393392335
0.2808811727867766
0.0938827197018346
0.004249447603469347
0.5047623514250984
0.5111952032345828
0.808971472959831
0.9921540481260783
0.7334882125360589
0.6457115272611172
0.0923344989130962
0.707866800893918
0.7716802230942854
0.6715877373826438
0.5373440564082608
0.36669938341652486
0.21194069929850579
0.9099331748183278
0.17788845688806199
0.38201425917729426
0.28128969994741526
0.13622732612698185
0.5615638648574625
0.7722981133902154
0.712331781322814
0.231399910813184
0.5421302595005721
0.7801650072084768
0.40449662272412357
0.9027666010158654
0.6491937508349034
0.09898810329937524
0.9701648062799505
0.7155635748238878
0.7002048073079427
0.7323447838231316
0.28777849531505006
0.8930939185557976
0.7231013454430298
0.43502884093256755
0.3331678052565312
0.24785028867698977
0.5654741721437296
0.7081506111788762
0.7840162539996819
0.1731768705199278
0.023837055549892572
0.8800359804617143
0.3295052045986995
0.38023013197795463
0.974052852218264
0.42025303507560874
0.6419364651924375
0.23739954182869905
0.11763322714034596
0.2357846690189601
0.4116828230895534
0.2418413071714649
0.25963201599187424
0.8077185271452075
0.9089852869917339
0.5471134439655793
0.0841495271520899
0.7724421970858446
0.0731527239287465
0.30910081180439164
0.04164623357786357
0.6999030483298608
0.8293893596523662
0.9350586033308024
0.3227752308127936
0.7602357100984021
0.4029423395143912
0.015311032050735585
0.20263910618223824
0.19840115860079643
0.9673071042386312
0.4769932562023489
0.6265702171215797
0.8394991429517851
0.05530617551652328
0.47965653041494904
0.2517203235849593
0.6569854978236396
0.9522431500364513
0.6876844827076447
0.664617053934204
0.850928973454155
0.49686672714923785
0.9365408729266701
0.5877358947831891
0.8091541833517273
0.5833993735761859
0.5810335278614768
0.6323310394352625
0.20119670504578857
0.9547894554203388
0.6739472758957638
0.7448967877302788
0.5533801305783216
0.08606054477868674
0.6724874422009467
0.9123478934548517
0.46641126591889426
0.9236069307506808
0.2965017432224486
0.8287499140052573
0.23509646867841927
0.13966877826325674
0.1274201888461105
0.1777093144794455
0.01527105367036985
0.49074583955088447
0.10173472421057206
0.5990158973672168
0.23672264688484912
0.9873828242449365
0.9095553969708651
0.9600466437240534
0.0071418877647030365
0.4018747516467649
0.36137347851375357
0.14835022181900537
0.33792161420667144
0.6055483831256353
0.13717806728528803
0.8348489604957092
0.1998802191778748
0.8214176730206254
0.20027256438643082
0.8122196040367022
0.8729487665397043
0.7582716748689924
0.1299673975288932
0.941418551821434
0.15291067398048408
0.17415544868198884
0.17254854457628066
0.46640086455172935
0.4041470169314455
0.3644234978899178
0.8925414288910881
0.7607221965341898
0.3828320635933715
0.4054654450248927
0.3791590651500738
0.97200916327869
0.11927128997275838
0.5677344567961127
0.3630713123949677
0.6092777979282232
0.4437915362116417
0.07265493529166167
0.9184004453664206
0.6311394464399657
0.1627629047420135
0.8347696609202434
0.27480017574014526
0.6603615002291102
0.897497907326313
0.3717314734756588
0.9569585174455433
0.4210632944447127
0.1133544163017276
0.7946157692906403
0.7959073403974392
0.21332879828515228
0.2969524026732172
0.13504212487480993
0.16798722070992678
0.4998153319060272
0.2824607136443833
0.8107644248919561
0.7702931928258628
0.7424623443488305
0.18876929985818502
0.8245830342831139
0.3930254096497874
0.3512771038274659
0.9916754884909567
0.3394848389235604
0.700062106928207
0.6420725795295413
0.8006257620989939
0.9479808009197912
0.6256872923963792
0.5020927359516847
0.26199645299719987
0.9782670485258822
0.010932177945367827
0.4433412795475511
0.8181698073670695
0.3802898168944804
0.8092567788160098
0.03494798497632945
0.9387893977909856
0.9681710375227933
0.9516158598921117
0.644249757659656
0.7797690617209748
0.892706264964675
0.2953115589726386
0.004324885620275665
0.6286443730248416
0.001102844651538204
0.3112213822843063
0.3875029610733779
0.31528678609853655
0.4429943912159112
0.951759462375727
0.9891986075218063
0.8633830467790996
0.8833193501350084
0.6962344235437283
0.7879922946498116
0.8017306100443005
0.5842401307882887
0.3373554344423827
0.03385904419586083
0.6007410173353847
0.6128909894566288
0.4823104665147897
0.21851307395773445
0.8946956522300539
0.007376241828141228
0.19254127476879812
0.16848139653299987
0.7134861778584762
0.3819673191716596
0.2087983059626568
0.3779588448488648
0.7855776218994901
0.07847378618894696
0.7807136252365244
0.49688668502809175
0.4788598865922499
0.2719065770322985
0.7180368867667848
0.9222017830828231
0.24627790951504258
0.8905150823651153
0.4088344525100488
0.9639404934544844
0.8180087612379174
0.6771871831332248
0.39592509234525863
0.881700538121026
0.845979995128386
0.2094364869943688
0.01840707365816996
0.20364448571059912
0.27417447007020435
0.8778754286017334
0.5550494333962812
0.5940709251709294
0.9512313058176325
0.23601910786306102
0.9438799739338884
0.8705152974388419
0.9025545141315126
0.7033800756287746
0.7428140475733165
0.005656569389342669
0.6148983285409764
0.17704558450884966
0.9984509521716682
0.877405670379286
0.059986442850591404
0.46776676581269283
0.26765325946135354
0.545375765013256
0.6698431838719169
0.8953570165814888
0.4207045788447128
0.3371971144224154
0.7171055639596761
0.39518170977145883
0.884678081707609
0.4135031499654753
0.29246443237929043
0.8729039718423637
0.7062621203811054
0.7681085527296891
0.7779396361030143
0.40726415570184615
0.34808966871990543
0.803416393878005
0.9342052381850433
0.06971587538190882
0.6668548610415442
0.07947921035917382
0.7164824291748326
0.8930721279978238
0.5874664206006422
0.7528211379352663
0.6976838022230148
0.9259043053601752
0.6505931248124238
0.6907694743226859
0.8828614011150056
0.3932553109924133
0.3163537065091113
0.9107073944808142
0.41341057797629654
0.8355160523181827
0.7040111449559283
0.7935446442073556
0.5723754014016794
0.5712890665559283
0.3649582178589009
0.17568384850221042
0.37255188630038905
0.12655381560494705
0.043858627126940775
0.9870962529963451
0.6118519239814034
0.3540489809856586
0.9667255159970144
0.6074822522238528
0.5331842686222797
0.48178664693009776
0.12411478198695103
0.12508774098664233
0.4204147992250715
0.9448137948178242
0.6409984969938223
0.5552799681892177
0.5796663510528105
0.980244488879977
0.3465970572889109
0.6779671664679122
0.4914991961073292
0.8501730919428291
0.21191450782824073
0.41849630441667707
0.5500109374020722
0.2473850218281719
0.7960984817513028
0.12281835152370224
0.6191184836229547
0.7603569400664235
0.26929956082907525
0.18414034997596151
0.05608768103349604
0.70136388404393
0.13239467998709165
0.9419966651495802
0.5262627900787716
0.42840313705855104
0.35179539953429384
0.4882845149443312
0.1908659291417356
0.616507703893982
0.9439511159330886
0.8657048220891543
0.4340934924713844
0.3217931304677384
0.8319635595728456
0.8887592009634813
0.9309796791493457
0.2715524563683336
0.9871807657135865
0.017220703005960458
0.6871491452651134
0.5761970843843129
0.4188675494683187
0.7667937424015182
0.9324342181678624
0.9466509337018484
0.6160511587720574
0.3403771299003874
0.3226185769137462
0.028338677786191924
0.9916669286400003
0.2299567151397286
0.4170704505595537
0.8948285610680826
0.02564373475912496
0.37526308593702706
0.7231769256840753
0.5200400229819099
0.18675711993234145
0.19443400932295807
0.7411993434587187
0.8197777162348069
0.18236462771781115
0.6243531818679637
0.932944115110177
0.6554534587734359
0.3832277633773994
0.6329683061404395
0.27259270784965195
0.5156788805304685
0.4311691869345281
0.33238965886720584
0.9975179352747293
0.6382368129342773
0.3982643396115083
0.5060806095475672
0.7277069722248934
0.8153090507130272
0.23210454283813264
0.3196422634603082
0.8166927523580675
0.9406487609455704
0.3357923363295573
0.8326592944595321
0.9196422930231035
0.2120516636903621
0.9368808941831787
0.06382439224096459
0.5674527902364337
0.9477681390352239
0.2863098936487488
0.025718251969313544
0.7772966585580147
0.005035644514361892
0.6660660057398978
0.2580164325473535
0.18575232544351528
0.38188339394125026
0.22277291565366197
0.3320788426258454
0.745134365962041
0.09996180054423709
0.32496472161474343
0.06955784008108024
0.9113994511040621
0.6033790845175886
0.013276311295948307
0.9555172103416253
0.7320464706990066
0.6575110760383994
0.21934395988777056
0.7161374521023338
0.14856112784713138
0.9030259911751897
0.8742036957551385
0.2873737158619549
0.14363907827138178
0.2870803029691995
0.9714580267880458
0.37370864051240216
0.9685505189343943
0.3695079325351238
0.9847072680308117
0.25115513221461994
0.46571458457060577
0.27706938771017986
0.754444650012849
0.44746685852133916
0.1757062902834785
0.8339986995324782
0.5656064030725192
0.31855289109256824
0.6209386691122626
0.7923281937053437
0.3729217957199047
0.5407717667239145
0.4086132955163422
0.21483956220427292
0.7933762238173481
0.38596483715917884
0.9330366248522534
0.645021079785074
0.6933916509408835
0.7573708161245034
0.3922213509201983
0.4290491547323768
0.6232063019066323
0.9080473891623401
0.40758118943229804
0.3264097750469277
0.3238407732220969
0.3409661354073119
0.3038698542533509
0.8028595380773007
0.6402156345827945
0.15583390163558308
0.01104318806762472
0.04668648662222863
0.6686145327934788
0.848364604884849
0.600969915008367
0.6907318897176284
0.397458335310246
0.29120379547805875
0.028227594796007227
0.5489186649291539
0.8248210305130822
0.5789839376671551
0.9885039291788588
0.2558950130222579
0.35347292989680223
0.09450910945559576
0.12484199127902651
0.04572139106410411
0.028558005487124838
0.5305737610191356
0.6844467068593693
0.0806723629560897
0.8081676429438037
0.10189242414294875
0.35142245661310223
0.6040162912763615
0.8227510673911953
0.07337235943154086
0.8557210370382649
0.5952085688072384
0.25251329590974714
0.7048491877725356
0.2836786825622156
0.9204532073624158
0.6239784654921803
0.7290363008409508
0.6844290643087747
0.7580403763256148
0.5168068381638218
0.43880659059174254
0.5748574947490177
0.6291253919088359
0.5316306036684768
0.7631506523176658
0.0768415575830933
0.6051344636621269
0.643453774180428
0.5385475870570285
0.7188815241972285
0.696669732894762
0.03621472292303407
0.0673541279330917
0.3533857763695569
0.5653012155187389
0.48923085683986156
0.561469241865049
0.645793689022232
0.6949751027084167
0.3750469998899655
0.7324182128126805
0.10012173102053523
0.461196528246799
0.2297407052533761
0.2260169924001426
0.8971216046156115
0.552097137707482
0.449599252396949
0.8103687470796797
0.5673628870536938
0.8821883613847452
0.1877131832041361
0.0850291937417953
0.9239826432395092
0.8739297220496764
0.9656288812678454
0.48607452543919205
0.5440379437111905
0.592474044845302
0.2797030699752542
0.040763750944994404
0.5458176871169879
0.5646339624428138
0.3055369224851109
0.7728213739060174
0.4196398490007166
0.6610981140815465
0.8221086641383952
0.851611122657362
0.6224121769233009
0.20255531655504033
0.3404602830791166
0.01978683070600451
0.9023627369840306
0.6210568175681116
0.5483513266436257
0.8739866099011583
0.4697332597284417
0.8024374066057247
0.45215103512648447
0.8079421185371359
0.713718324925427
0.1354424008658771
0.6741215275619308
0.8273834464798195
0.7461557071126907
0.3092098580337983
0.37478072194873213
0.1357521352303387
0.5745431360932959
0.7366635392322924