691
270
47
551
917
581
252
625
444
470
658
767
208
623
74
202
633
635
188
854
576
875
775
632
580
233
273
109
705
773
966
246
450
433
731
363
511
695
64
489
552
528
71
859
484
194
375
416
762
374
740
780
237
976
651
634
206
418
709
57
700
245
942
251
838
945
808
727
296
304
870
870
667
44
868
33
68
53
217
525
5
47
375
978
933
871
911
734
544
156
257
819
194
77
962
608
187
365
542
239
133
641
457
614
312
693
438
474
267
855
146
246
957
944
275
585
408
802
158
436
478
917
898
776
499
230
757
360
80
573
483
832
364
533
111
460
496
904
404
506
998
761
489
695
26
754
436
250
384
848
256
471
610
617
630
178
858
660
55
671
361
55
843
455
826
504
443
241
347
366
952
590
23
51
682
237
406
358
723
830
113
407
847
25
596
967
703
461
964
146
522
780
318
666
432
370
879
491
89
223
986
776
942
641
145
98
145
941
878
581
988
770
82
16
602
911
537
316
351
393
425
629
313
246
408
634
539
72
767
10
32
285
876
837
668
678
341
5
164
598
816
482
936
843
995
731
806
265
118
777
160
518
603
606
611
683
302
148
608
847
605
335
257
459
878
3
314
349
939
988
360
320
65
551
915
659
191
827
510
73
596
740
999
826
196
704
266
778
376
569
889
730
957
97
826
223
647
363
86
217
220
788
764
556
263
917
299
34
460
442
410
956
365
495
652
49
82
590
95
776
810
250
20
48
849
230
646
359
625
329
51
551
261
915
838
571
544
525
916
583
280
483
409
302
534
982
792
311
846
555
690
309
564
358
271
895
397
233
542
363
958
479
46
946
432
780
195
509
372
483
640
475
499
992
59
1000
850
599
146
669
165
137
539
554
569
142
971
458
503
120
600
402
283
782
298
719
571
402
993
237
786
404
118
836
196
307
149
614
887
831
491
75
865
178
767
553
913
963
550
23
659
918
963
97
916
500
703
89
533
940
964
97
722
203
374
329
527
126
970
617
178
131
463
334
578
369
691
99
50
529
121
666
595
89
328
39
270
336
313
914
843
282
121
217
549
218
442
163
867
928
838
174
440
932
251
466
264
385
112
937
858
521
12
673
411
906
452
494
184
380
665
282
50
90
833
663
28
689
880
211
867
776
983
725
144
906
708
426
641
260
345
164
476
470
36
269
617
838
658
208
85
129
145
639
735
504
991
58
323
407
38
874
305
579
81
313
881
771
530
489
627
874
417
947
44
98
157
146
455
214
916
650
899
28
945
364
225
241
432
810
390
129
434
544
673
30
330
423
246
243
294
503
917
188
108
174
875
864
847
379
233
72
271
191
844
592
247
487
898
373
972
101
157
905
866
877
865
888
25
855
977
164
180
157
353
205
2
844
462
297
172
337
142
631
218
755
108
799
340
576
390
233
204
77
602
736
166
947
139
317
567
372
202
293
315
958
292
512
128
307
98
693
921
129
875
849
983
721
706
695
774
839
755
298
70
364
651
774
990
342
998
299
115
867
299
151
616
87
331
634
932
487
449
422
565
355
403
661
474
717
258
278
520
75
628
651
940
1
864
288
608
912
87
69
422
839
655
60
847
532
965
279
259
889
347
293
597
215
13
764
220
265
473
229
172
394
460
542
865
540
635
45
322
740
76
793
512
287
290
815
115
921
907
679
793
584
374
303
163
193
611
882
603
888
674
595
735
101
292
323
298
227
581
166
116
131
531
390
662
31
158
170
391
612
58
246
751
794
117
628
716
460
824
300
185
846
731
776
463
647
312
893
91
953
213
357
301
651
786
236
645
336
978
307
492
614
966
537
626
583
534
287
459
442
844
401
61
802
645
376
456
751
935
612
503
456
717
390
54
235
335
638
47
215
543
601
623
354
468
832
515
735
289
200
324
858
204
861
124
421
924
128
939
305
310
565
502
572
907
189
223
529
387
740
324
64
708
832
706
168
438
787
189
1
256
141
250
651
664
956
328
227
94
242
456
507
659
233
614
454
904
869
734
977
986
439
27
943
305
203
303
591
439
282
571
807
505
617
478
774
314
213
807
671
165
766
69
139
751
871
419
141
103
401
394
709
240
962
485
984
985
972
26
578
480
186
565
677
254
52
841
439
942
779
387
356
596
801
899
830
676
272
210
177
150
574
231
756
744
743
968
247
790
961
792
899
332
990
947
860
258
234
965
345
742
235
866
888
765
624
759
584
30
367
577
204
60
969
450
608
566
69
193
463
818
989
492
833
327
920
690
426
870
752
124
653
60
287
16
359